-46.8506 1.90994 51.4921
90.3421 18.4769 -34.0325
96.8359 18.7968 -41.411
-198.772 0.385249 10.0153
-50.318 1.89159 59.803
-51.9826 1.88747 54.3514
-63.1874 1.61226 56.1795
-71.4832 1.47175 58.2504
-86.9138 1.11683 61.0516
-97.8868 0.946984 60.832
-109.486 0.790874 58.8098
-123.005 0.697115 57.11
-140.607 0.602176 51.1047
-160.764 0.602176 39.9328
-178.274 0.527106 24.7233
-187.523 0.444266 14.2811
-196.882 0.262326 1.06056
-203.943 0.164973 -13.6103
-211.645 0.16787 -30.28
-205.639 0.363385 -34.8866
-189.338 0.602176 -34.6817
-180.449 0.811875 -34.8973
-167.986 1.04498 -35.1995
-154.857 1.05778 -35.3016
-142.26 1.44526 -35.4373
-130.714 1.49657 -35.1825
-120.03 1.62514 -35.123
-101.259 2.02082 -35.1781
-89.6257 2.64593 -35.2122
-78.7733 2.81394 -35.2441
-66.4121 3.1543 -35.2804
-57.0958 3.34408 -35.3078
-45.7135 4.00767 -35.3413
-33.4078 4.72524 -35.3774
-23.9744 5.28102 -35.4051
-15.1364 5.57314 -35.4311
-2.51024 6.76082 -35.4682
7.1472 7.48312 -35.4965
18.4294 9.21846 -35.5297
30.5574 10.1371 -35.5653
42.4138 11.8574 -35.6001
52.9975 12.9423 -35.6312
66.6451 15.2178 -35.6713
77.2229 16.3227 -35.7024
90.8878 18.6181 -41.4976
81.8484 17.1021 -41.6798
67.9604 15.5373 -41.9528
52.5511 12.8123 -41.7957
44.871 12.4121 -41.4656
32.9708 11.0129 -41.2656
18.8883 9.23133 -41.309
8.37335 7.68796 -41.4319
-0.0550023 7.01209 -41.5304
-9.28225 6.1002 -41.6383
-22.5718 5.42777 -41.7936
-30.8319 4.92247 -41.8902
-41.6072 4.2633 -42.0161
-54.1081 3.51471 -41.7891
-63.8949 3.24623 -41.4214
-81.0607 2.80904 -40.9332
-89.8634 2.6711 -41.1982
-101.459 2.0526 -41.0187
-114.632 1.75978 -40.9638
-131.179 1.49769 -40.8948
-146.4 1.08801 -40.8313
-155.079 1.05831 -40.8034
-169.733 1.04434 -41.3809
-177.972 0.922189 -41.1493
-191.069 0.602176 -41.0282
-202.995 0.454688 -41.2386
-215.97 0.16069 -41.2876
-219.665 0.16069 -34.1081
-213.354 0.16069 -20.4056
-208.354 0.16069 -9.05142
-204.802 0.175307 -1.31386
-192.593 0.43788 16.8667
-185.941 0.496253 24.5963
-180.189 0.537256 31.2798
-171.35 0.602176 42.8321
-165.45 0.547759 51.7789
-159.339 0.581409 47.9262
-144.141 0.586054 55.9391
-126.077 0.664024 62.9572
-110.272 0.792322 65.6938
-94.8583 1.00322 67.6948
-85.4477 1.10469 67.0769
-69.271 1.48487 63.6755
-70.2019 1.48596 51.9867
-76.5882 1.48506 42.2658
-78.9174 1.48542 28.0787
-84.356 1.48493 20.6376
-85.5144 1.48487 9.88373
-89.7501 1.49321 6.56596
-89.865 1.56774 -1.38559
-95.9784 1.6636 -9.27387
-97.2056 1.76674 -20.0401
-103.631 1.87247 -28.6836
-83.1047 2.65401 -27.7857
-72.399 2.33165 -16.4097
-74.8544 2.10767 -6.29533
-66.6779 1.92732 -0.895763
-72.7258 1.92007 0.687557
-69.3322 1.78566 3.6377
-64.3952 2.36107 6.58122
-60.8486 2.3115 12.1158
-59.0185 2.37154 1.26677
-66.9397 1.87664 14.8722
-66.3802 1.62972 24.9634
-71.6882 1.63069 22.4369
-58.208 2.22012 22.6572
-53.5159 2.11779 32.1457
-54.3634 2.01632 41.5412
-50.132 1.95459 47.8517
-62.8834 2.59752 -9.79408
-58.996 2.95866 -23.4247
-57.8766 3.51636 -47.7133
-63.5068 3.74112 -54.7978
-58.614 4.04252 -62.4183
-63.2907 4.51666 -75.8018
-57.5283 4.63099 -77.2165
-59.289 4.58123 -83.2651
-66.389 4.44552 -81.5189
-74.1696 3.80062 -72.9342
-81.2811 3.28063 -69.7508
-87.1447 3.15822 -67.3779
-96.1089 2.83131 -64.4249
-103.754 2.74075 -62.9821
-117.725 2.0881 -62.9127
-126.974 1.90129 -64.2526
-140.512 1.55087 -68.3377
-147.759 1.46408 -70.7161
-157.105 1.23408 -73.8849
-168.413 1.04366 -77.7196
-176.839 0.844749 -80.5765
-184.396 0.650651 -83.1391
-191.136 0.602128 -85.4245
-199.26 0.601837 -88.1795
-206.666 0.599566 -90.6908
-212.772 0.599485 -92.7612
-220.786 0.602176 -95.4787
-227.602 0.602176 -97.7902
-234.597 0.600951 -100.162
-242.417 0.598953 -102.814
-248.734 0.597748 -104.955
-255.537 0.569452 -107.262
-262.913 0.379149 -109.763
-271.428 0.16069 -112.65
-281.106 0.16069 -115.932
-287.869 0.16069 -118.226
-296.509 0.16069 -121.155
-305.223 0.16069 -124.11
-312.658 0.16069 -126.276
-321.852 0.16069 -129.108
-326.635 0.16069 -130.597
-334.423 0.16069 -133.377
-340.88 0.16069 -135.335
-351.694 0.16069 -138.815
-361.957 0.161071 -141.972
-376.097 0.168387 -146.858
-382.865 0.191251 -149.293
-389.027 0.342239 -151.109
-398.291 0.569653 -154.203
-404.514 0.60268 -156.281
-411.942 0.606821 -158.761
-420.912 0.612715 -161.757
-421.702 0.602176 -168.616
-413.846 0.602176 -166.269
-407.7 0.602176 -164.09
-396.6 0.576348 -160.156
-388.008 0.367798 -157.111
-371.225 0.162605 -151.603
-360.557 0.16069 -148.319
-352.71 0.16069 -145.765
-339.771 0.167356 -141.422
-325.668 0.16069 -136.762
-317.842 0.16069 -134.076
-306.337 0.16069 -130.129
-296.999 0.16245 -126.925
-286.602 0.16069 -123.357
-275.848 0.161908 -119.667
-266.462 0.237987 -116.447
-253.708 0.564705 -112.426
-245.198 0.604541 -109.769
-234.344 0.608784 -106.231
-224.403 0.607494 -102.991
-214.362 0.619473 -99.7183
-203.742 0.602433 -96.1977
-190.25 0.607296 -91.3959
-180.582 0.715537 -88.0463
-168.896 1.01926 -84.2899
-156.151 1.20605 -79.8868
-144.273 1.48487 -75.7828
-132.192 1.73635 -71.9804
-121.715 1.93471 -69.0231
-111.794 2.38289 -68.9281
-102.894 2.7763 -69.0594
-96.208 2.89665 -70.465
-85.102 3.25447 -74.7062
-75.1308 3.85765 -78.416
-49.3097 5.1962 -83.1617
-40.8234 5.7357 -83.2722
-24.0896 6.80168 -83.4903
-11.384 7.3355 -82.7417
-0.162765 8.5999 -82.2018
6.48454 9.70825 -82.3434
15.5582 10.0422 -80.6994
21.7698 10.664 -75.7259
25.2435 10.8454 -70.2763
30.1826 10.9449 -60.1564
37.2179 11.1984 -47.3975
28.4005 11.0185 -52.7064
22.3666 10.7991 -64.3183
14.8929 10.278 -75.1854
-1.79553 9.01357 -89.9457
-9.40785 8.53124 -96.5273
-2.62381 8.78894 -97.569
-7.68653 7.79436 -78.8361
-28.3479 6.52262 -77.5642
-43.6579 5.52963 -77.5604
10.6576 9.78117 -85.9318
-5.68089 9.33716 -105.898
-0.226001 10.778 -118.142
3.56339 11.3153 -126.658
8.41308 13.0548 -137.558
12.2968 13.643 -146.286
16.5714 15.1527 -155.257
20.312 15.8952 -163.319
24.9587 17.4562 -173.334
30.7811 19.1726 -187.322
34.9162 20.3062 -195.739
41.2379 21.7688 -209.185
46.6576 23.2285 -220.889
50.2965 23.788 -229.074
55.1887 25.1301 -240.02
58.8126 25.3969 -248.128
64.8368 26.1395 -261.606
68.211 26.4743 -269.155
73.5149 27.2637 -281.022
77.2172 27.5959 -289.305
82.5037 28.2944 -300.596
88.3599 28.8472 -313.444
99.248 30.4454 -336.625
104.815 30.9073 -348.645
111.612 32.1591 -363.41
116.588 32.6112 -374.368
124.207 33.9636 -391.144
133.662 35.2757 -411.966
141.944 36.299 -430.202
149.884 37.1678 -447.688
156.753 37.8405 -462.814
164.029 38.3284 -478.834
171.469 38.671 -495.217
178.266 38.9666 -510.185
184.745 39.4288 -524.453
191.043 39.2213 -538.317
196.074 38.6311 -549.395
210.607 37.3037 -567.041
215.6 36.6973 -579.201
219.766 36.1456 -590.952
215.995 35.8552 -597.456
209.91 35.4135 -607.498
200.935 34.8651 -616.825
185.282 33.9605 -629.757
173.716 33.3123 -638.642
150.071 32.0375 -647.148
135.535 31.2628 -652.117
117.809 30.7763 -656.814
103.457 30.4439 -660.176
85.6004 30.0435 -664.335
62.6064 29.5658 -668.202
43.9883 29.24 -671.033
30.4579 29.0945 -672.225
11.9034 28.8944 -674.594
-8.62107 28.8487 -674.465
-27.4641 28.8342 -673.892
-34.4988 28.8503 -673.034
-34.7564 29.2134 -651.72
-34.8276 29.661 -629.273
-35.5029 29.7332 -610.474
-36.4769 29.3168 -581.825
-35.9858 28.9056 -560.859
-35.9424 28.6417 -547.399
-36.2463 28.431 -536.653
-36.5686 28.2074 -525.256
-36.9047 27.9745 -513.373
-37.2129 27.7607 -502.474
-36.7786 27.5907 -493.805
-36.8469 27.3458 -481.311
-36.9147 27.1027 -468.91
-36.9723 26.713 -458.361
-37.0261 26.3341 -448.534
-37.2395 25.9505 -437.769
-37.3474 25.5952 -427.274
-37.5993 25.3638 -417.578
-37.8832 24.7719 -406.646
-38.139 24.4931 -396.796
-38.505 23.6382 -382.705
-38.7081 23.4901 -374.887
-38.9569 22.7168 -365.31
-38.6065 22.0796 -351.019
-38.4927 21.3511 -343.39
-38.6624 20.5042 -330.891
-39.1049 19.6581 -319.714
-39.4907 18.9189 -306.753
-39.5444 17.9603 -296.974
-39.7522 17.3812 -290.947
-40.0012 17.1271 -283.727
-40.2465 16.5543 -276.615
-40.5286 15.9322 -268.434
-40.6048 15.7574 -262.222
-40.4959 14.4667 -247.652
-33.6087 15.0633 -256.63
-33.4273 15.8682 -261.806
-33.1644 16.2021 -271.783
-33.3714 17.2114 -284.471
-33.3795 17.7989 -294.636
-33.5154 18.9647 -306.428
-33.0268 19.3178 -315.348
-33.1597 20.4477 -329.472
-32.8904 20.7219 -337.062
-32.504 21.7734 -347.95
-32.183 22.2308 -356.994
-31.9536 22.9223 -366.927
-32.7006 23.5092 -374.711
-32.1235 23.8396 -385.183
-31.6252 24.4664 -396.46
-31.996 24.7065 -404.882
-32.0478 25.488 -420.361
-31.251 25.6595 -428.879
-31.31 26.0391 -440.143
-30.9518 26.3791 -449.624
-31.335 26.7612 -459.542
-30.996 27.1197 -469.714
-30.647 27.3251 -480.188
-30.3606 27.4936 -488.781
-30.4363 27.6438 -496.442
-30.505 27.8414 -506.514
-30.4392 28.0525 -517.286
-30.3775 28.2507 -527.393
-30.313 28.4578 -537.955
-30.2172 28.6321 -546.839
-29.7272 28.7884 -554.811
-29.3034 28.9473 -562.915
-29.1087 29.1284 -572.152
-29.1117 29.2994 -580.87
-29.1484 29.476 -589.873
-28.9418 29.5873 -595.55
-29.3895 29.7332 -605.187
-29.348 29.7332 -613.361
-28.7067 29.7332 -620.465
-28.6735 29.7064 -626.881
-28.855 29.5229 -636.234
-28.4774 29.288 -648.2
-28.1252 29.025 -660.041
-27.3427 28.8583 -667.329
-15.6851 28.8518 -668.258
-7.38515 28.8513 -668.37
3.17558 28.8507 -668.549
13.2769 28.9126 -668.285
30.3677 29.0992 -666.79
42.1425 29.2281 -665.29
51.9822 29.363 -664.038
59.7193 29.5256 -662.69
67.8324 29.6964 -661.161
77.6294 29.9016 -659.56
90.5948 30.1752 -656.93
100.339 30.4042 -654.555
113.405 30.7091 -651.759
126.474 31.0166 -648.415
137.509 31.4662 -645.246
147.229 31.9997 -641.982
157.351 32.5555 -638.562
168.781 33.1904 -634.297
175.863 33.604 -629.901
184.29 34.1144 -622.866
191.7 34.5579 -616.862
200.502 35.0847 -609.729
206.844 35.5602 -601.606
212.635 36.0844 -591.273
210.248 36.618 -582.121
206.196 37.1954 -571.787
199.979 37.79 -564.028
193.785 38.3246 -557.28
189.449 38.7854 -549.665
185.46 39.1952 -541.831
182.701 39.5379 -534.98
180.748 39.5266 -529.909
176.936 39.2708 -522.118
173.492 39.0376 -515
170.456 38.8661 -507.623
166.133 38.6939 -499.042
160.743 38.4491 -487.092
157.922 38.2864 -479.259
154.044 38.1083 -471.368
150.97 37.8322 -465.217
146.788 37.4043 -455.416
141.88 36.8896 -444.572
138.043 36.4687 -436.096
132.597 35.8238 -424.065
127.947 35.2393 -413.793
123.611 34.649 -404.213
116.898 33.6872 -389.384
112.483 32.8704 -379.631
107.975 32.1689 -369.672
103.014 31.5333 -358.713
98.4983 30.8768 -348.737
93.6659 30.3549 -338.061
88.7487 29.6723 -327.198
84.3808 28.9925 -317.549
77.9787 28.369 -304.936
74.8101 27.9433 -297.634
71.332 27.445 -289.891
68.5589 27.2837 -283.534
63.5578 26.512 -272.069
59.8895 26.1158 -263.862
54.2937 25.4594 -252.043
50.0132 25.072 -241.953
45.7073 23.9563 -233.051
41.0356 23.0754 -221.751
36.6112 22.0108 -213.728
31.629 20.8282 -201.871
26.8986 19.4472 -191.627
22.629 18.5093 -182.54
19.1286 17.2814 -175.09
16.0058 16.1936 -168.318
12.3415 15.7193 -160.016
9.12732 14.0705 -152.374
5.59189 13.0857 -145.047
2.94603 12.8124 -139.054
-1.31845 11.4597 -129.896
-6.26537 10.5432 -118.922
-10.2756 9.36156 -109.895
-13.4599 8.5464 -103.56
-15.7343 8.31303 -96.9566
-20.5259 7.02349 -84.1453
-21.4782 6.86317 -74.8867
-21.3732 6.49348 -65.9753
-21.6953 5.96313 -53.3701
-20.1819 5.36272 -33.3933
-18.1586 4.94273 -24.1305
-21.1116 4.63778 -17.5762
-19.0629 4.27126 -9.46656
-22.0208 3.94189 -2.40292
-19.7275 3.76445 1.60266
-22.5312 3.61457 8.66615
-19.8774 3.36786 17.0161
-22.5313 3.16081 24.069
-19.9974 2.93065 31.7614
-22.6973 2.80591 36.5684
-42.2337 1.92897 47.9392
-39.9773 2.07387 41.0028
-42.2149 2.27339 31.2317
-39.9804 2.48309 21.084
-42.2224 2.64815 13.0524
-39.542 2.80822 5.74334
-31.6365 3.23967 2.58011
-25.5124 3.55629 5.21506
-50.5727 2.57876 2.61728
-15.0226 3.31247 31.9547
-9.04867 4.06457 24.4175
-0.636543 4.79578 13.8039
6.20715 5.22709 5.1692
11.4926 6.51309 -3.6579
14.8566 7.53011 -13.6565
18.0547 8.48775 -22.9337
27.0915 9.60093 -31.6712
24.5441 8.76471 -23.2588
21.2926 7.81876 -13.8669
17.8614 6.76759 -3.36912
13.5366 6.04488 6.12973
8.02271 5.01591 13.5847
2.33578 4.58833 20.5041
-6.3873 3.82842 31.2175
-14.572 3.11175 38.8476
-25.26 2.51962 45.867
-35.8767 1.9828 52.6979
-40.8781 1.90539 64.5185
-38.9579 1.91025 71.4992
-32.0912 1.91971 74.9218
-31.8101 1.91252 80.1472
-24.6512 1.948 84.3691
-30.6129 1.89828 85.5621
-38.9003 1.55795 80.9654
-48.0083 1.40241 81.1984
-55.7738 1.27175 81.389
-66.5729 1.09011 81.3995
-67.4258 1.07452 86.6283
-57.4545 1.24349 86.2704
-43.464 1.48226 87.5879
-39.5728 1.49464 91.3945
-43.3402 1.48179 97.9552
-48.7542 1.40458 91.4201
-60.1383 1.2423 95.0593
-77.7506 0.97708 91.9797
-81.9049 0.895785 85.3541
-89.468 0.872783 81.3086
-96.6423 0.808327 77.5848
-106.528 0.71795 72.3672
-117.964 0.611978 66.9383
-122.415 0.594689 70.572
-115.377 0.658813 74.2718
-106.736 0.734149 79.0695
-97.692 0.811601 84.0911
-89.4328 0.880597 88.1848
